2718818848
0.0934106 0.982709 -0.0547851 -0.150184
4051449754
0.102363 0.985547 -0.032361 -0.131042
5408342646
0.114004 0.804774 -0.200089 -0.547089
7028528545
0.0336403 0.95674 -0.102989 -0.27002
3625029597
0.116266 0.992032 0.0299428 0.0381748
3868092306
0.0188005 0.999185 0.0340036 0.0109199
2817562248
0.0814522 0.991401 -0.0243708 -0.0994798
2401730436
0.0287313 0.99908 -0.0081722 -0.0307692
10141160664
0.0984912 0.985275 -0.0374424 -0.134652
3885204620
0.0868846 0.986854 -0.0276759 -0.133429
3978951760
0.0490553 0.986572 -0.0476736 -0.148314
6963652171
0.0151573 0.994378 -0.0282814 -0.100912
8560140410
0.0538355 0.961567 -0.0949525 -0.251943
3486849416
0.114094 0.980613 -0.0321162 -0.156043
5867013385
0.0855775 0.99051 -0.0240768 -0.104813
6003485006
-0.0561545 0.985555 -0.0652853 -0.145827
3498955714
0.0241997 0.987873 -0.0480909 -0.145629
4586649391
-0.0273602 0.991698 -0.0376843 -0.119863
4371324505
0.090424 0.984391 -0.0515454 -0.141917
442052253
0.0863106 0.989817 -0.0222251 -0.11099
442050280
0.109637 0.983894 -0.0298344 -0.13799
5151898468
0.0249326 0.988473 -0.0524128 -0.139831
12106601884
0.101413 0.986363 -0.0270147 -0.126778
3838484249
0.0754973 0.886063 -0.167545 -0.425584
5456965982
0.0769855 0.991723 -0.0308599 -0.0980141
8225847170
0.104555 0.993996 0.00694886 -0.0315026
6984334267
0.0977271 0.991227 -0.0199319 -0.0867207
2810319680
0.179019 0.977913 -0.0152003 -0.106804
2184292184
0.072968 0.995214 -0.0137942 -0.0635156
2079302390
0.0639844 0.982516 -0.0596471 -0.164346
5911138576
0.0721604 0.859314 -0.206754 -0.462196
5333458956
-0.0272271 0.997282 -0.00729705 -0.0680801
2298527061
0.105392 0.989154 -0.0143858 -0.101295
8030415
0.0765701 0.983985 -0.0528686 -0.152035
3383540592
0.0326844 0.994262 -0.0373781 -0.0947489
1471484089
0.00644122 0.985581 -0.0667568 -0.155348
5135505236
0.0292182 0.888718 -0.197414 -0.41274
4129853031
0.189362 0.969708 -0.0241173 -0.152401
4586522698
0.102275 0.987096 -0.0206481 -0.121468
234467169
0.019601 0.999779 0.00705261 0.00271462
159911107
-0.0139414 0.952794 -0.113911 -0.281094
2807643525
0.0220872 0.995061 -0.0378149 -0.0890882
11342374496
0.0339868 0.998743 0.0318458 -0.0185291
12349574443
0.0316631 0.985018 -0.0600735 -0.15852
4121478019
0.0643226 0.906578 -0.147921 -0.389999
8353062682
0.0559535 0.995647 -0.00446738 -0.074411
12204207406
0.0826592 0.990409 -0.0359828 -0.104704
3956125368
0.0321154 0.988657 -0.0583826 -0.134601
3971192822
0.0591461 0.982538 -0.0476628 -0.169849
6435726869
0.0396601 0.991587 -0.0362258 -0.117771
3845840334
-0.000703852 0.987494 -0.0621172 -0.144899
396310999
0.0910176 0.985536 -0.0452831 -0.135588
2122457546
0.133438 0.984772 -0.0305428 -0.10717
4269610736
0.0134186 0.976868 -0.0707984 -0.201338
3056167102
0.0569555 0.989084 -0.0383277 -0.130386
3159769379
0.139826 0.980151 -0.0328513 -0.136653
4122163320
0.0643287 0.985442 -0.0438004 -0.151155
9658163122
0.128657 0.990405 0.0108075 -0.0492876
3181309891
0.137583 0.977086 -0.0350655 -0.15857
9106075285
0.1095 0.983968 -0.034168 -0.136565
3812078922
0.0330049 0.989953 -0.0458283 -0.129625
9106466955
-0.0278868 0.984709 -0.0625573 -0.160178
2639854316
0.0109221 0.988536 -0.0570001 -0.139384
9540677856
0.0800517 0.970634 -0.0575311 -0.219434
6775741943
0.107593 0.985388 -0.0318637 -0.128136
1347978321
0.132728 0.981205 -0.0289849 -0.137036
3504700051
0.0955952 0.985238 -0.036445 -0.137258
2207571072
0.0752484 0.877129 -0.183066 -0.437571
978754656
0.029432 0.96511 -0.0943688 -0.242467
415773485
0.0548158 0.997877 -0.00276842 -0.0350502
4862042124
-0.0275614 0.9993 0.0200272 0.0154398
8900198268
0.0381316 0.984952 -0.0524595 -0.160199
7697309520
0.0258234 0.90861 -0.165481 -0.382592
11837935973
0.0886005 0.983 -0.0461024 -0.154065
8276852729
0.0854037 0.979428 -0.038203 -0.178792
4605768617
0.0700648 0.99222 -0.0161248 -0.101641
2500226864
0.0778392 0.983898 -0.0425104 -0.155173
8270986474
0.153621 0.977051 -0.0248302 -0.14545
8371960244
0.00627231 0.98646 -0.0585249 -0.153075
6952371977
0.073892 0.989169 -0.013994 -0.126052
2284948455
0.140045 0.987874 -0.0195347 -0.0641159
3448003521
0.0930565 0.990294 -0.0124736 -0.102484
3766965066
0.107271 0.984195 -0.0322421 -0.137164
6565810191
0.142919 0.977655 -0.0345453 -0.15024
3503925030
0.000360814 0.999668 -0.00473068 -0.0253166
11972893303
0.0465975 0.99291 -0.0279918 -0.105715
8155269003
0.0131594 0.985859 -0.0385288 -0.162555
496100843
0.102073 0.985867 -0.0296209 -0.129497
2958536780
0.0132922 0.982319 -0.103739 0.155279
7004414541
-0.019037 0.965728 -0.0886337 -0.243211
8274055477
-0.0517827 0.860103 -0.245478 -0.444164
6045994327
0.155877 0.975186 -0.0278738 -0.154719
3538929646
0.0818522 0.982893 -0.0455611 -0.158573
13855927694
-0.00101195 0.994438 -0.0308779 -0.100688
8963148518
-0.0207318 0.973602 -0.0735223 -0.215089
400350040
-0.03267 0.99779 0.0296318 -0.0497012
180660201
0.0385452 0.987489 -0.0587173 -0.141184
181460308
0.0615666 0.987305 -0.0445387 -0.139484
1356782012
-0.00864895 0.986278 -0.0618667 -0.152819
6635304477
0.0506418 0.984161 -0.0618991 -0.158215
